35
3444411114444111114444111144441
3                             3
3                             3
3                             3
3                             3
3                             3
3                             3
3                             3
3333333333333      333333333333
3           5      5          3  
3   000     5      5    000   3
3  00200    5      5   00200  3 
3  02020    5      5   02020  3 
3  00200    5      5   00200  3  
3  02020    5      5   02020  3 
3  00200    5      5   00200  3  
3   000     5      5    000   3  
3           5      5          3  
3           5      5          3 
3           5      5          3    
3           5      5          3    
3           5      5          3    
3           5      5          3    
3           5      5          3    
3           5      5          3   
3   000     5      5    000   3
3  00200    5      5   00200  3 
3  02020    5      5   02020  3 
3  00200    5      5   00200  3  
3  02020    5      5   02020  3 
3  00200    5      5   00200  3  
3   000     5      5    000   3                                   
3           5      5          3
3           5      5          3    
3           5      5          3    

