28
1111111111111111111111111111111
1                             1  
1   000                 000   1
1  00200               00200  1 
1  02020               02020  1 
1  00200               00200  1  
1  02020               02020  1 
1  00200               00200  1  
1   000                 000   1  
1                             1  
11                           11 
                                 
                                 
                                 
                                 
                                 
                                 
                                
 11   11    11   11    11   11                       
 3334333    5554555    3334333                 
333333433  555555455  333333433                    
344333443  544555445  344333443                     
344333443  544555445  344333443                      
344333443  544555445  344333443                      
333333433  555555455  333333433                    
 3334333    5554555    3334333                    
 11   11    11   11    11   11                             
                                 
                                      
                                 
                                  
                                 
                                
                                
                                
                                
                                
                                  